created_at: 2026-07-01T00:26:02.702545131Z
updated_at: 2026-07-01T00:26:02.702545131Z
tags: []
importance: 50
